4.19
4.78
4.17
4.39
4.18
4.52
4.57
3.57
3.99
4.08
4.58
4.85
4.64
3.44
3.88
3.63
3.50
暂无
4.67
4.86
4.24
3.94
4.25
4.68
4.55
4.50
4.54
3.13
4.10
3.56
2.68
3.36
4.30
4.42
4.51
2.88
4.77
4.63
4.44
2.50
4.70
3.85
4.35
4.88
4.73
4.13
4.16
4.40
4.14
4.15
4.00
3.38
3.75
4.26
4.53
4.28
4.09
4.61
4.60
3.78
4.32
4.33
4.62
4.80
4.41
4.75
3.90
4.43
4.29
3.76
4.23
4.81
3.89
4.03
4.37
4.56
4.34
3.25
4.72
4.46
4.45
4.31
4.47
4.48
4.38
4.12
4.36
4.65
4.79
4.69
3.69
4.71
4.59
4.27
4.49
4.22
4.04